32024286000131
28493626000104
4234637000101
1886441002653
1886441002653
21254180000108
3558096000104
3558096000104
2866602000151
2866602000151
32206435000183
32206435000183
33041062000109
33041062000109
11973134000105
11973134000105
21813291000107
21813291000107
32540981000156
42763883000131
49047911000163
18915529000109
45550903000184
2221717000199
2221717000199
47711294000123
47711294000123
46726324000102
21730449000185
47728220000108
10220039007938
10220039008152
64679519649
47327181000129
14047399000170
46338191000105
48791275000117
5683712000176
30501738000101
30501738000101
33310513000158
675018000193
25370639000190
25370639000190
15395013000184
15395013000184
47483134000174
13595233000126
40608570000183
8294513000164
12920273000133
61316600000158
44356123000135
41719843000120
3507806000169
50185233000184
50185233000184
8832140000138
45941752000195
10725481000156
47927551000169
47927551000169
50504464000103
50504464000103
4310409000165
4310409000165
4310409000165
29249281000100
41973713000119
72293509000261
30974929000182
30974929000182
71796197000165
71796197000165
7818885000180
3431362000125
45512159000123
41422043000142
23126146000183
30598095000158
17216052003380
30794313000120
30794313000120
30794313000120
54786264000141
54786264000141
54786264000141
18532624000115
47078883000116
41659576000142
4689410000142
4689410000142
10441023000195
7764950000131
50027727000130
50027727000130
51539989000147
49873848000114
36449290000100
47873569000125
51681676672
31391239000163
34769102000198
11433726890
65462050763
65462050763
46138285620
34353519000175
39801690000113
39801690000113
22379054000142
22379054000142
75425831749
37888600000148
37888600000148
33546979000661
33546979000408
33546979000742
33546979000580
11204307000120
11204307000120
38442726000157
29971933000108
29971933000108
48897738000120
21806167000114
37607821000281
5093525000132
32618995000145
32618995000145
40711044000144
35925642000186
35925642000186
22496941000109
40562425000109
99578255691
4179818000174
4179818000174
37348566000119
37348566000119
13985063000196
13985063000196
32026470000110
12834906000190
12834906000190
29806901000157
49547634000158
37822441000189
25361722000100
35216016000110
35216016000110
36283915000107
37754290000179
27847124000163
14583041000162
46885926000102
7702607000162
38894952000179
37095325000105
44340248000177
11853518000194
48936331000164
48936331000164
32559650000168
19031770000120
19031770000120
26750738000160
48712516000195
4995656000142
30641817000100
30672407000126
30891908000101
30891908000101
48974673000179
50428649000186
6972719000170
6972719000170
7147338000110
7147338000110
21148567000180
49767254000129
6317845000191
58238866000115
4166100998
40397755000196
81247595000267
81247595000267
44916138000100
3375041000150
5315169000154
52114220000140
1685903000116
48563846000166
910509000171
3177596000198
62069760000102
21108545000196
34130016000130
4525822001976
45819323000140
46236586000199
46236586000199
46236586000199
13273921000170
13273921000170
509612000104
72179815000190
3419013000198
3419013000198
11840059000104
26402053000122
48242539000426
48242539000264
48242539000264
24911966000220
46848642000308
24911966000220
73471989008331
19223490000113
19223490000113
19223490000113
5404238000104
46788625000160
389740969
11375069000205
68554773000153
35519249000273
49649412000146
6880842000242
21418125000106
21418125000106
11519009000120
24853484000180
24853484000180
21206574000190
85032639000101
45835155000186
45835155000186
45835155000186
2538076000281
32671263000119
32671263000119
42493630000195
16097869000136
49255934000163
48759405000134
48759405000134
28756220000169
28756220000169
15122997000120
49562116000103
32898596000185
11122122000177
3123142000134
6341512000289
6341512000289
3123142000568
3123142000649
3123142000720
6341512000106
3123142000487
27643161000150
40439138000106
3123142000304
3123142000215
40622143000150
35519831000159
48079274000144
24895043000140
30112012000
13531549000154
42771697000144
23396733000192
27113694000120
42078947000165
10681643000100
50779096000106
31427458000155
31427458000155
30441043000173
1274847000127
64290398000120
11431503000138
7650436888
27157349000198
1868491846
7382021000168
25001649000158
25001649000158
7777126873
8888741000162
48668415000164
48668415000164
38663074000180
48922761000127
35772830000111
17844807000103
30582629000158
37568233000103
37568233000103
40737542000166
13306784000122
41546043000154
41546043000154
8250655000120
8250655000120
23001692000198
23001692000198
46473178000150
12049403000880
12049403000880
1691944000115
46172467000110
46172467000110
12924582000181
12924620000104
18447966000137
47853845000193
30675790000176
37383345000181
17095397000145
17095397000145
59919736600
21508073000169
17581429000384
58125436000197
36753227000155
30612425000112
37216339000130
60445777168
29524735000104
45791180000105
47052715000151
40921356000182
17882942000143
33847268000112
49562375000134
71032189000142
1953374760
49344984000117
78827060000170
758336000118
10932699000181
10932699000181
29916869000162
30208925000193
46729644000205
25075811000182
25075811000182
41890172000165
41890172000165
3252096188
47280724000108
13953116000197
2214613000157
46464945000165
48793658000124
50341217000133
50341217000133
46429479000187
31659929000150
31659929000150
49038109000107
29931877000188
29931877000188
34717199000195
13330505000166
31727353000111
42803568000190
42803568000190
48407804000136
48407804000136
27838685000104
42207111000113
44980349000102
11125515000134
16941316000118
24604107000107
24604107000107
42991575000163
4176487000119
50727051000198
50727051000198
30686710000188
16930188000107
45164487000186
45164487000186
36535659000190
39741728000100
45675680000181
45688516000109
21996282000107
21996282000107
47427301000160
47427301000160
23781817000140
23781817000140
46836641000181
46836641000181
